25.354 32.468
21.844 15.719
27.046 34.659
23.432 22.481
21.609 14.881
24.661 22.567
25.814 14.608
21.699 33.364
23.62 32.711
25.222 16.331
27.453 15.122
23.341 21.174
27.351 21.139
27.771 28.348
25.706 24.276
25.29 27.147
23.211 30.108
25.477 27.98
26.483 14.887
26.599 30.412
26.647 29.546
28.831 14.518
21.262 36.579
21.853 21.731
19.64 19.208
24.783 32.382
26.174 16.329
24.053 21.874
27.658 20.609
23.996 28.757
25.995 28.706
32.295 13.21
24.188 28.524
26.59 32.802
25.46 18.471
28.735 30.011
21.469 33.182
24.689 22.793
24.022 29.351
20.229 32.905
25.422 32.167
21.828 29.778
25.127 25.954
21.513 28.588
24.365 18.473
21.929 28.29
21.642 17.384
26.675 29.493
21.794 21.649
25.731 29.883
26.425 21.444
22.945 27.864
23.081 15.841
22.456 21.697
31.91 12.505
22.931 21.31
23.364 19.388
23.639 19.994
24.947 21.66
25.288 19.879
24.342 15.792
29.552 35.617
23.265 31.818
23.235 34.479
24.816 33.032
27.418 21.213
24.944 18.261
21.861 28.353
22.163 35.032
24.294 23.542
26.492 22.688
33.16 35.109
27.055 19.539
24.331 22.578
27.429 21.363
24.541 22.17
24.697 26.571
26.729 28.751
24.891 27.884
26.593 16.417
24.823 25.475
21.648 19.969
29.465 35.096
25.023 31.926
23.136 30.816
21.248 15.504
25.295 22.461
18.38 33.577
32.805 15.944
27.319 21.866
26.182 19.229
21.817 30.341
16.634 36.282
27.707 34.516
24.128 26.849
25.43 27.04
29.19 30.872
23.775 23.496
28.697 17.049
25.815 23.519
24.967 24.533
24.429 21.994
24.405 26.313
27.572 33.968
22.668 18.42
21.733 33.747
28.12 19.112
31.741 17.669
23.017 22.713
19.986 30.946
22.395 21.587
26.028 32.443
30.221 38.198
26.246 28.656
24.876 35.267
27.642 28.79
22.939 30.689
28.399 10.892
22.796 34.178
23.485 18.532
22.807 17.237
23.938 31.958
20.857 33.541
29.525 30.557
22.166 30.116
28.28 33.636
28.729 31.956
21.735 21.427
27.653 20.477
22.469 16.492
26.892 18.332
23.97 13.813
23.81 23.753
28.01 18.056
26.649 28.015
24.955 24.353
26.04 22.319
24.406 20.19
20.532 40.274
24.721 18.915
23.69 32.219
25.941 22.869
22.187 35.004
25.483 26.11
25.882 36.523
20.41 19.61
21.793 21.786
27.183 28.223
27.003 27.003
27.194 28.888
25.904 30.739
22.603 29.009
27.922 30.853
25.147 37.081
26.184 20.811
22.414 21.401
26.946 19.004
26.295 17.561
23.098 27.458
22.877 29.573
30.639 33.104
25.996 23.405
28.828 20.568
24.977 31.365
27.037 31.01
31.562 34.006
22.934 28.107
22.665 22.366
27.79 16.814
25.617 34.981
26.771 29.084
22.533 20.013
24.089 12.141
23.677 31.602
21.625 13.51
23.849 33.636
22.037 16.44
25.341 22.271
29.685 19.133
20.289 37.259
20.781 17.69
25.113 25.408
24.419 27.762
28.756 18.522
25.081 26.533
33.379 35.38
23.706 17.027
26.751 22.243
25.877 28.5
23.152 21.86
28.119 21.092
27.592 21.274
29.862 31.56
22.11 21.041
26.827 22.27
32.587 33.531
22.029 28.647
23.064 32.567
31.058 15.253
24.758 16.526
29.119 18.223
23.431 37.1
24.503 21.17
25.855 27.693
25.52 26.84
22.57 20.798
27.495 22.336
26.739 17.611
21.565 11.891
24.803 31.431
23.654 18.189
26.393 33.057
23.42 12.242
26.375 26.554
26.178 19.676
26.546 18.956
23.167 20.693
26.308 26.509
21.093 20.229
26.673 20.27
22.702 29.406
25.891 12.895
27.326 37.416
28.262 30.43
26.802 22.304
24.892 33.608
25.238 20.595
24.444 19.24
21.988 18.358
23.702 16.747
24.24 40.277
23.545 28.378
24.931 32.939
31.497 33.861
25.679 27.934
28.263 9.9532
27.112 30.864
26.361 29.131
25.175 25.411
26.45 32.601
22.118 32.531
21.179 36.173
27.287 28.706
25.348 21.787
24.904 28.775
25.937 26.234
25.321 20.681
25.78 7.8461
25.469 25.74
22.694 28.212
24.436 24.058
32.038 32.287
25.441 30.689
25.491 14.722
24.618 35.707
25.429 34.819
29.937 16.459
25.047 28.957
25.807 22.979
23.659 28.202
25.253 26.593
26.322 20.131
28.852 42.263
20.573 20.459
19.575 32.079
29.833 30.064
23.353 30.771
23.073 29.593
24.362 29.121
29.008 34.457
18.308 36.796
24.869 29.334
26.319 27.794
29.677 32.93
23.677 28.32
21.224 36.892
22.745 28.351
22.493 31.644
24.498 18.696
29.434 14.554
27.236 20.879
22.192 14.314
22.967 29.969
27.452 16.937
25.075 19.354
27.765 29.562
20.801 16.791
24.001 21.943
22.164 19.694
23.951 21.26
26.858 27.038
26.077 33.661
27.576 20.417
26.18 22.464
24.383 23.034
23.661 20.819
23.1 21.954
25.309 28.688
22.643 8.0763
25.456 16.161
21.565 21.404
23.055 28.23
25.384 32.741
26.484 22.91
24.068 35.041
22.52 15.722
27.358 27.861
25.338 33.032
21.046 31.476
21.978 13.81
30.785 15.072
24.692 30.736
23.287 13.675
21.972 21.225
24.244 23.569
25.373 22.746
25.718 22.049
25.158 27.189
23.833 29.093
24.849 22.94
23.861 35.149
24.654 25.864
24.239 17.501
24.279 18.241
25.203 14.941
23.241 21.517
22.37 36.034
22.769 22.406
25.466 18.604
24.912 22.674
27.014 11.91
24.747 22.041
28.645 29.976
22.102 32.059
21.044 15.236
23.347 18.812
20.072 30.11
24.925 24.686
25.325 26.265
27.124 16.377
20.176 18.917
26.172 28.701
23.693 30.872
25.556 32.123
26.718 33.011
25.594 29.262
24.444 26.011
26.987 35.056
33.917 36.592
27.159 20.657
25.868 22.215
31.502 14.769
27.467 18.837
27.15 29.428
23.073 14.529
25.497 24.192
21.811 31.161
22.83 28.054
26.311 18.745
21.746 13.959
25.322 26.223
21.304 32.373
24.075 21.186
26.464 21.996
27.805 19.83
24.493 22.018
25.387 14.057
25.002 17.394
29.895 19.726
22.506 19.313
22.651 19.879
25.901 14.713
24.738 24.556
31.878 32.231
24.003 27.972
20.193 18.429
22.221 17.723
26.259 23.326
27.018 27.08
27.087 21.501
21.675 30.171
22.961 22.099
22.152 38.243
20.041 31.633
33.473 34.402
24.577 28.569
23.1 22.831
27.917 31.575
28.08 21.024
26.757 28.31
24.715 19.935
22.092 32.583
25.603 18.636
26.742 10.585
26.525 20.81
26.539 22.808
30.589 19.248
24.605 23.807
26.447 34.026
25.106 20.271
23.895 27.174
22.13 20.627
26.007 19.155
22.382 16.073
25.257 24.339
20.074 30.978
24.571 18.305
23.405 18.681
25.442 32.105
21.263 28.915
26.79 19.641
25.203 33.98
26.581 20.906
25.664 19.289
24.388 17.117
26.802 17.781
28.174 32.656
26.651 16.443
27.528 30.824
27.226 27.95
23.426 28.71
25.286 20.726
23.586 23.559
21.525 30.202
26.932 27.479
28.087 36.44
26.984 29.322
25.35 34.982
27.115 28.249
27.313 28.137
27.183 37.115
28.15 18.072
28.202 31.186
24.8 29.097
25.272 20.661
23.854 19.267
24.993 20.449
24.543 28.993
24.14 30.777
24.703 31.192
19.76 30.421
22.197 20.074
22.582 11.582
25.664 28.912
25.843 27.553
22.626 28.591
28.644 31.913
28.582 5.6061
24.185 26.325
23.878 14.62
26.837 20.096
23.843 9.0352
25.826 17.459
25.522 17.846
27.503 36.137
23.568 34.416
24.2 20.511
26.485 32.328
23.927 20.206
20.096 30.175
23.624 19.525
26.762 31.616
24.032 30.049
22.935 39.57
23.787 23.124
22.083 28.544
28.158 17.865
25.966 30.609
24.619 30.051
22.814 15.308
25.915 29.363
26.949 27.308
23.376 30.837
22.147 33.764
22.125 16.745
28.653 9.1108
28.59 16.225
25.612 21.543
27.675 32.397
23.888 20.201
24.7 30.696
25.726 27.623
31.839 14.372
22.632 21.21
23.108 27.51
21.302 16.518
18.754 32.389
24.023 22.361
22.288 21.939
25.206 31.337
27.304 22.403
20.345 34.76
24.339 23.521
22.298 27.96
31.143 15.156
27.411 32.98
24.97 14.529
26.727 19.753
22.434 18.196
24.341 31.581
23.018 28.377
24.638 27.828
28.505 29.571
29.309 18.193
24.496 32.716
24.373 27.887
24.71 21.91
23.873 31.373
27.532 15.814
27.431 20.596
26.968 17.665
24.965 16.309
28.766 31.182
24.239 29.761
26.246 27.737
28.334 29.574
24.19 17.748
25.929 22.913
26.712 31.137
26.668 30.649
22.334 36.96
25.716 27.336
26.033 28.121
24.809 29.878
28.676 30.553
27.291 9.7196
26.8 30.15
23.453 28.471
18.931 37.273
22.842 19.649
23.602 30.551
26.647 31.257
26.002 21.047
29.803 32.378
21.597 29.287
22.428 28.496
26.507 15.045
22.063 35.914
28.32 19.179
25.932 19.386
25.247 21.647
21.378 34.644
23.815 19.789
30.586 15.172
26.868 20.783
23.072 28.037
25.565 28.278
30.117 19.356
25.606 22.986
27.26 21.493
21.234 21.081
25.721 15.368
28.084 18.348
26.855 29.387
25.912 32.127
28.335 30.636
25.072 28.531
23.864 34.861
25.079 22.966
25.478 19.696
27.473 31.882
23.488 30.399
23.352 27.082
24.338 30.188
23.291 28.903
25.208 27.257
21.597 32.856
29.125 17.356
24.42 26.309
22.329 14.951
23.594 32.341
24.992 31.748
24.895 24.62
25.878 26.737
24.315 26.625
23.424 20.97
22.942 32.64
24.703 26.18
27.172 30.973
24.436 20.977
26.359 32.018
24.572 27.252
26.954 19.841
26.02 23.531
32.209 33.723
27.076 21.244
25.47 26.425
26.118 17.91
24.271 19.571
25.261 21.353
26.382 30.933
21.432 16.986
24.051 23.45
29.556 19.987
25.334 26.943
23.458 18.035
23.176 18.452
24.478 23.87
28.767 29.444
22.869 29.495
25.738 30.742
29.785 13.927
32.205 32.386
25.246 18.898
23.108 22.405
29.463 32.248
25.129 20.256
22.455 22.116
23.185 28.062
26.182 19.534
22.972 21.633
23.044 27.238
24.912 29.132
26.139 23.192
29.056 34.686
23.996 20.664
25.85 30.472
20.315 8.4483
27.191 21.069
20.545 30.729
25.525 34.454
22.838 14.206
27.58 21.652
23.079 20.598
20.743 19.066
30.3 19.316
24.767 30.118
25.677 35.532
24.983 24.669
24.068 30.356
21.774 31.076
23.909 30.355
31.722 17.659
25.72 20.836
27.493 28.395
30.179 14.606
19.903 19.362
28.036 36.96
23.403 23.257
24.046 14.404
22.379 14.982
25.733 17.672
22.991 20.119
27.235 19.821
18.423 31.806
25.508 16.345
25.304 29.527
24.356 24.016
21.708 38.264
31.468 35.612
23.593 27.544
26.279 27.283
26.869 21.55
27.907 21.555
26.867 32.138
25.273 22.91
26.329 27.627
26.536 35.646
24.596 34.297
29.256 33.617
24.744 16.825
28.031 20.525
26.688 17.722
21.331 12.993
27.884 19
21.574 21.046
22.84 29.286
28.633 29.512
27.843 29.638
26.609 29.352
31.958 33.703
23.815 12.252
29.67 30.951
24.838 25.838
27.417 27.856
26.563 20.485
24.606 21.028
28.936 32.42
21.28 29.651
20.43 39.496
23.899 12.614
27.808 28.247
25.531 19.653
24.847 29.947
25.086 14.739
25.052 21.55
26.892 19.315
25.316 20.033
23.846 34.549
28.565 30.961
23.747 14.644
19.688 18.673
23.506 35.203
24.797 22.806
26.534 20.611
29.593 30.578
25.387 26.532
29.438 31.78
24.493 32.834
29.492 15.3
22.044 18.902
24.364 22.668
26.76 27.692
24.03 15.039
24.581 32.069
28.094 15.389
26.824 27.828
29.956 16.067
24.245 26.149
32.853 35.328
19.21 30.928
29.43 30.415
25.119 37.816
23.893 29.415
25.849 22.627
29.022 17.016
20.9 31.094
30.402 18.801
24.172 19.941
22.874 28.583
26.916 39.933
32.987 13.488
21.507 16.824
22.743 34.753
24.779 19.785
26.149 32.06
24.431 22.752
23.935 31.108
28.753 20.574
30.059 15.903
28.366 20.89
24.627 20.868
26.166 27.038
20.015 31.638
23.961 15.544
24.766 20.613
26.772 32.348
25.239 28.096
20.568 35.055
25.391 23.539
30.316 31.16
27.35 32.69
25.801 26.517
24.807 24.064
25.283 26.567
27.225 37.418
25.001 24.703
24.851 33.994
21.854 21.504
24.119 19.883
27.375 21.026
27.068 20.206
14.091 35.987
22.747 21.066
23.778 35.347
20.165 36.354
24.808 25.858
26.72 23.172
24.387 28.782
26.368 16.275
23.681 27.807
21.316 29.713
25.539 29.517
27.824 18.932
23.714 27.569
25.424 13.127
24.929 30.11
25.251 23.062
20.132 37.404
24.535 41.135
27.064 19.531
28.978 30.171
23.962 26.714
25.039 29.758
24.182 21.948
20.96 18.343
25.754 19.164
25.663 27.305
27.448 27.57
24.196 30.595
22.213 35.767
26.487 22.127
23.09 28.607
25.188 30.452
25.914 22.054
27.593 29.856
24.835 18.784
24.403 20.073
26.149 21.919
25.061 26.681
26.219 27.202
22.1 39.552
28.832 30.957
30.095 38.938
29.717 32.554
23.749 21.153
21.839 20.145
26.337 17.259
19.196 31.75
24.534 22.601
28.519 28.536
26.903 31.252
29.67 35.589
22.141 20.611
27.4 18.999
22.012 21.855
24.807 22.777
28.834 34.686
25.702 18.301
25.378 23.496
25.996 17.716
24.648 23.173
25.856 20.271
23.334 31.633
27.264 15.269
22.466 21.118
23.271 28.194
21.801 29.273
26.29 14.979
23.851 27.409
25.077 32.775
25.762 23.907
25.046 23.447
27.061 29.047
28.303 33.49
27.988 15.536
28.685 28.832
24.053 26.009
24.998 29.168
26.381 32.448
28.886 29.987
23.165 19.534
27.623 21.344
25.495 19.43
26.344 33.204
25.957 30.249
24.83 20.031
26.947 34.621
24.262 17.09
27.364 27.383
20.093 35.015
28.838 18.884
22.081 31.039
27.199 36.539
26.327 33.572
27.418 29.668
27.982 19.265
21.009 34.599
24.645 30.241
22.311 33.455
26.376 28.663
25.314 19.26
22.942 29.996
28.606 18.024
26.981 33.207
22.155 28.093
29.614 20.11
22.315 32.542
26.408 30.28
22.156 18.912
26.18 32.932
23.119 16.416
28.03 32.065
28.044 18.524
24.928 19.999
22.54 20.002
24.279 13.585
24.562 15.297
27.419 34.12
24.773 27.117
26.768 21.733
32.315 35.317
26.028 36.529
25.069 28.494
24.032 29.894
22.764 21.513
25.588 23.012
30.893 13.583
28.118 15.398
21.541 31.254
21.69 31.326
24.517 22.071
25.805 36.474
26.939 20.79
23.66 19.192
27.851 29.826
27.364 37.377
28.151 29.465
24.044 26.613
24.225 22.398
28.268 19.665
24.909 27.765
27.743 37.975
27.618 22.269
26.765 18.438
24.556 26.059
23.858 32.227
23.324 27.643
26.265 22.641
21.013 19.741
26.21 27.065
22.921 39.853
24.641 22.695
27.159 20.444
23.414 36.276
23.104 28.083
25.478 22.683
23.282 26.912
23.647 27.679
24.657 20.481
21.6 30.977
24.246 30.79
27.412 28.462
27.186 28.591
26.742 22.288
26.731 12.613
27.227 32.425
24.355 19.382
26.657 18.452
27.79 31.385
29.56 16.8
18.476 33.413
24.515 26.266
27.624 19.192
22.851 12.557
24.645 23.627
22.25 21.679
24.345 32.481
22.433 16.887
25.814 21.754
23.234 20.603
22.286 28.755
28.745 29.455
24.418 28.572
17.371 36.682
21.455 20.283
26.431 20.561
25.72 28.038
22.98 16.554
22.938 21.505
26.978 19.161
18.641 34.959
22.967 18.472
26.732 17.363
24.211 21.803
26.737 21.747
22.56 15.261
27.197 38.822
21.746 33.208
21.772 33.506
26.2 23.25
25.565 30.371
25.574 23.63
23.385 30.536
25.394 29.205
22.222 30.456
23.474 23.23
28.026 34.436
22.2 32.343
22.563 21.825
26.671 17.081
33.076 36.54
24.287 18.035
22.332 30.762
27.582 34.584
29.862 32.498
26.406 34.176
23.599 29.075
24.372 18.015
22.696 17.418
31.214 9.8211
25.285 24.197
25.128 28.331
24.843 39.568
27.74 28.362
23.264 15.592
23.23 34.031
23.879 31.834
27.175 29.627
30.073 31.107
28.462 20.03
29.743 14.767
28.05 34.586
23.741 23.493
23.199 31.104
25.814 20.919
31.044 15.751
31.498 35.32
26.01 15.422
27.642 31.628
23.202 32.635
30.575 18.977
25.534 18.977
24.908 29.223
25.261 26.057
20.016 35.457
27.478 32.783
31.671 32.146
20.305 38.249
31.377 17.654
