27.001 26.006
27.185 26.817
20.289 22.763
28 22.207
31.597 20.959
32.609 24.237
19.799 27.176
33.726 21.167
29.799 26.351
21.024 25.239
36.943 31.403
19.926 25.638
34.163 22.624
18.232 29.975
15.008 30.243
40.317 21.07
29.592 26.903
27.114 25.89
21.334 23.15
17.717 30.822
21.15 26.203
22.285 25.096
18.074 24.418
37.682 29.704
20.658 21.564
15.705 21.09
32.339 31.138
32.554 28.481
16.576 28.17
30.858 29.004
30.615 26.451
30.248 22.094
20.411 23.927
32.447 25.209
18.564 23.092
18.333 25.992
21.331 24.496
16.46 32.164
19.691 24.658
26.427 24.421
14.981 23.422
18.144 20.621
23.394 26.553
21.892 22.614
30.846 25.274
43.058 24.609
13.789 21.207
31.865 23.855
32.662 26.22
21.689 24.437
33.873 22.732
16.421 26.797
20.499 23.9
23.76 24.235
29.873 22.692
26.741 26.454
29.95 24.669
19.44 27.439
35.194 22.328
21.001 27.132
32.382 24.14
17.862 25.085
27.977 26.536
30.176 26.679
23.468 26.181
13.235 28.731
21.761 21.859
27.175 27.16
21.871 24.759
18.155 26.581
23.403 26.474
26.168 25.626
31.442 19.894
21.686 27.306
34.795 27.709
29.384 22.373
23.479 23.817
29.001 24.135
19.23 26.959
34.727 31.528
19.174 27.891
27.358 25.496
29.71 20.393
22.248 25.652
32.081 25.619
19.62 27.393
29.912 22.909
34.413 26.265
19.857 23.483
17.202 28.252
28.552 25.574
16.1 24.352
28.903 25.264
36.863 22.239
13.171 21.806
17.077 24.118
21.183 23.337
13.992 27.935
31.418 19.83
29.033 21.166
31.79 28.375
32.903 31.712
31.209 22.349
24.38 25.238
14.957 27.128
22.335 25.817
19.951 23.871
30.044 24.676
16.791 23.875
35.645 25.169
31.989 26.068
20.181 21.129
17.522 27.693
30.688 22.732
21.062 28.124
17.749 30.562
22.439 27.111
32.795 18.235
23.221 23.464
20.966 28.992
15.88 22.557
31.674 24.433
28.058 26.177
27.92 26.61
32.189 24.95
27.995 27.832
21.33 28.079
15.251 25.218
37.906 24.318
26.829 23.715
22.925 23.887
29.741 23.054
34.328 23.505
34.568 24.827
28.56 27.968
27.017 24.845
21.435 26.537
23.349 23.837
28.796 24.635
21.964 27.731
28.504 21.73
20.1 29.176
18.789 25.465
36.945 26.96
19.843 22.08
21.697 23.041
16.498 22.659
20.824 22.284
29.597 25.128
13.869 30.127
22.217 25.402
12.431 27.315
31.858 19.477
15.943 30.262
35.144 24.128
28.018 25.5
26.229 25.273
20.447 25.193
22.959 23.333
40.033 24.004
27.574 22.457
31.907 22.952
27.815 25.117
22.088 24.805
30.411 22.567
29.603 24.019
35.594 22.357
20.949 25.821
31.034 28.082
20.539 28.259
26.735 26.152
17.801 27.354
19.85 20.909
21.287 22.824
28.179 25.201
29.524 25.364
28.953 25.816
35.345 18.716
39.767 22.32
28.791 27.033
16.088 29.086
31.309 30.317
17.036 22.946
23.375 25.404
21.01 27.735
30.463 20.172
22.805 25.628
28.54 22.582
22.392 24.894
15.213 25.675
26.889 26.643
19.324 28.68
28.914 23.744
30.955 29.951
17.814 25.36
39.516 31.915
20.286 27.603
15.777 29.141
30.424 25.89
31.481 23.258
9.3184 25.171
32.932 22.492
31.045 27.321
30.444 28.636
15.279 28.714
32.255 24.71
29.245 29.025
20.053 22.993
29.594 26.039
28.931 22.125
30.308 25.223
31.682 31.065
31.908 20.334
29.572 29.083
29.264 24.185
31.292 22.878
20.228 23.331
21.042 23.695
29.219 21.403
24.112 25.404
28.424 24.958
21.802 26.244
29.271 28.008
20.29 28.606
35.07 16.019
28.196 23.691
19.116 30.654
32.893 23.783
32.935 25.494
30.546 22.433
15.369 27.053
23.277 26.276
27.814 26.066
18.444 28.372
29.251 26.55
31.607 22.338
21.739 25.578
40.533 18.182
21.28 22.564
15.807 27.451
20.154 24.575
29.877 26.337
31.088 27.058
17.304 22.669
17.514 24.981
26.666 25.735
19.556 24.717
31.922 23.567
31.4 28.573
33.243 23.837
13.811 28.31
29.013 24.47
16.132 25.55
29.773 27.269
25.9 25.031
30.693 27.302
32.208 23.17
31.891 25.922
21.666 27.787
26.808 24.828
34.813 25.226
26.852 26.384
39.218 25.364
30.745 26.358
18.569 22.5
30.405 28.559
27.755 26.473
10.922 24.753
23.482 24.851
20.019 29.859
18.45 24.639
28.867 26.195
28.271 27.325
30.583 21.455
30.934 25.074
27.198 24.149
29.964 26.136
20.316 26.97
6.4633 21.829
19.421 28.072
21.638 25.782
35.805 23.123
17.331 27.872
18.375 24.608
14.085 26.678
27.54 23.302
26.688 23.822
16.792 30.712
20.055 28.36
28.171 25.173
19.487 28.427
26.943 23.35
10.9 27.178
17.188 27.016
14.594 28.252
23.855 24.681
23.511 24.115
27.39 26.423
32.203 26.279
28.714 25.57
22.177 27.237
24.744 25.009
27.263 25.428
29.43 22.855
33.114 28.556
21.837 22.09
30.602 25.357
27.883 24.721
28.541 24.482
17.104 24.533
30.05 27.097
34.453 28.887
23.259 25.685
18.609 25.9
13.786 27.67
13.72 26.067
18.585 23.047
18.082 26.306
31.986 25.085
18.454 23.724
17.534 24.535
19.324 24.144
32.894 22.892
28.822 26.186
36.102 24.864
20.06 27.421
34.83 30.858
17.177 26.42
22.642 23.907
33.617 21.911
20.003 24.266
16.77 27.789
21.029 21.664
21.177 26.156
17.156 24.677
20.481 27.43
22.179 25.832
28.871 24.348
28.979 26.028
23.155 23.383
18.635 31.01
36.202 27.834
20.769 24.039
18.709 21.89
29.458 21.518
16.736 29.942
23.601 25.638
27.024 23.461
16.273 30.539
29.152 23.308
19.254 27.054
34.818 26.132
24.057 25.116
29.792 21.088
7.7605 25.561
31.383 23.635
26.97 25.93
27.551 22.634
22.783 25.033
31.384 23.747
30.689 22.977
21.257 27.759
20.283 27.239
22.064 25.912
37.887 25.47
17.815 25.689
11.281 21.99
17.401 30.255
37.21 26.707
33.953 27.627
25.656 24.542
13.541 30.997
32.75 22.899
22.202 26.607
34.42 29.042
19.096 28.818
23.756 25.176
27.566 25.585
19.835 26.578
30.09 24.174
29.105 25.854
29.855 23.325
20.318 23.279
18.487 29.686
30.998 23.344
33.686 28.412
28.641 23.466
10.983 28.076
35.754 20.795
22.586 25.473
20.304 21.544
34.643 26.948
21.303 26.063
23.405 23.531
20.034 28.533
22.966 24.577
29.88 21.66
20.555 27.678
28.961 24.25
19.442 28.77
19.784 20.161
31.154 24.674
35.951 25.55
23.69 24.697
29.494 21.065
36.244 28.693
16.774 22.581
33.936 25.743
18.228 27.68
30.111 24.972
24.393 25.346
27.617 26.864
18.095 28.297
32.991 28.082
30.805 27.894
33.132 21.408
28.48 26.681
30.478 29.086
21.801 24.625
20.822 21.1
22.402 24.758
13.651 31.467
26.493 24.553
25.481 24.908
21.542 23.925
26.13 24.028
28.691 26.486
28.003 22.791
37.697 21.45
27.848 26.35
30.578 23.625
13.276 29.964
22.642 26.794
12.958 28.168
28.703 25.997
30.046 26.244
20.817 22.882
34.583 32.071
19.835 21.108
30.436 25.3
25.17 24.922
20.934 25.195
15.264 29.651
33.983 24.657
34.725 23.504
20.288 23.306
31.23 19.324
23.698 24.224
29.361 25.224
31.388 26.428
27.517 26.103
16.942 25.008
25.869 25.832
13.281 23.041
21.592 23.965
39.243 24.515
35.787 26.931
27.36 27.163
20.512 21.36
21.367 27.14
30.925 22.789
17.601 22.627
28.673 25.669
18.965 26.94
31.424 23.673
11.583 25.64
29.694 25.745
34.554 33.595
24.135 24.752
23.269 25.691
32.973 29.72
13.364 21.829
26.234 24.072
28.508 27.787
36.138 15.338
28.881 24.65
33.284 22.849
14.333 22.965
22.551 26.321
32.035 24.132
27.374 23.802
32.576 22.014
32.003 28.462
31.903 25.488
16.174 21.683
20.412 28.595
22.635 23.589
17.163 21.196
14.742 21.064
36.847 27.802
29.183 27.389
31.306 25.861
32.752 29.804
38.126 24.22
29.337 25.453
11.412 31.017
31.486 22.201
37.675 18.676
34.257 26.957
22.943 26.981
15.858 25.648
25.765 24.873
32.931 31.101
20.967 28.941
26.093 24.571
22.098 22.945
19.56 23.182
28.238 25.231
28.95 27.516
15.399 30.972
19.962 23.343
33.284 32.523
16.552 24.611
32.243 20.61
23.466 25.498
31.501 26.279
23.139 24.876
21.467 26.093
17.114 31.323
21.92 23.575
19.99 22.08
28.686 25.351
27.931 25.429
38.946 22.685
13.518 24.903
20.596 27.028
30.151 23.889
19.659 22.753
35.296 22.845
25.42 24.919
31.184 25.043
22.445 24.94
21.112 25.298
17.275 29.777
19.935 23.009
32.379 25.436
14.719 27.142
15.007 26.916
18.314 22.835
16.995 28.963
17.683 22.166
13.993 22.485
32.354 27.335
23.035 26.197
23.147 24.407
28.932 28.153
15.119 25.974
17.897 21.277
28.203 21.87
32.715 25.69
30.981 20.842
21.686 27.683
26.085 24.634
26.45 24.271
28.029 24.224
22.634 25.033
16.941 27.339
32.118 29.303
31.676 21.046
26.546 25.841
20.917 27.232
23.962 25.74
34.947 23.677
28.489 22.521
32.979 18.592
32.164 24.063
47.406 25.018
14.527 26.795
24.125 25.631
20.432 25.622
28.117 22.892
19.154 21.734
32.83 21.317
13.724 27.625
26.009 24.941
26.401 23.757
26.724 24.513
36.247 26.625
18.969 29.779
11.325 28.125
16.676 33.122
18.978 30.654
28.802 21.313
29.696 23.568
23.024 24.356
12.097 22.66
29.834 24.27
29.29 26.144
26.762 23.758
21.047 27.606
39.709 21.669
18.137 22.561
26.938 26.934
18.432 27.552
22.697 22.946
28.494 27.17
21.158 24.712
22.244 23.623
32.866 24.369
23.344 24.792
21.283 25.502
34.634 24.538
28.853 26.819
30.901 29.13
20.351 22.865
35.152 24.464
28.269 23.537
22.685 25.665
19.879 24.67
12.333 22.772
20.616 22.251
18.858 29.566
19.58 27.478
30.313 20.182
20.083 26.591
19.307 29.367
16.339 24.679
28.946 24.106
36.466 26.841
20.109 25.883
37.646 24.494
32.43 17.681
37.935 25.661
17.833 22.495
19.016 23.209
28.936 26.457
30.786 25.447
20.588 21.024
27.256 25.992
18.111 23.542
28.33 26.221
13.408 26.845
18.809 25.388
14.653 25.184
27.817 26.315
30.013 24.947
32.586 30.031
18.05 24.97
19.024 29.328
32.944 21.127
17.49 23.655
18.799 23.143
31 24.068
32.589 20.873
18.371 29.742
15.289 31.428
33.517 26.764
23.196 24.409
15.023 29.1
32.341 30.275
19.971 24.534
31.736 24.255
17.895 21.553
32.503 25.395
22.908 26.141
32.405 26.86
28.262 22.75
29.484 24.916
33.111 25.148
28.108 27.591
19.203 23.257
33.579 25.067
21.424 27.807
20.953 28.714
11.877 27.954
29.053 23.046
34.518 23.475
37.751 21.558
33.773 19.539
28.46 27.406
29.398 22.184
20.783 22.925
37.24 24.089
22.505 24.448
26.39 26.293
21.377 24.68
23.106 24.193
31.034 27.656
21.533 26.498
21.619 25.391
32.724 25.47
29.493 29.138
28.78 24.736
16.665 28.101
27.584 22.504
29.217 21.351
17.667 25.502
28.734 26.486
32.925 31.739
22.494 25.794
16.672 25.458
30.774 27.848
20.488 21.142
26.215 25.113
33.74 27.24
17.695 29.785
30.839 23.365
33.29 25.561
30.33 23.732
19.392 21.322
27.154 25.697
27.627 24.902
27.134 23.213
21.938 26.773
24.422 25.435
28.904 22.706
19.409 28.13
29.197 25.363
28.284 27.99
39.149 24.892
18.148 23.47
27.174 24.984
20.103 28.89
17.379 22.468
17.715 22.585
15.024 22.069
22.21 23.105
18.503 25.768
16.648 29.666
31.88 22.821
21.067 26.483
28.127 22.966
17.708 29.855
36.113 23.136
32.021 26.972
21.068 22.483
32.755 21.618
18.032 26.059
32.073 27.406
21.246 27.511
35.348 32.513
20.457 22.479
34.791 27.705
31.397 25.844
35.638 24.521
33.581 29.284
25.688 24.35
28.708 26.448
30.913 23.836
22.643 24.805
22.871 23.719
10.137 30.266
34.92 24.463
33.226 18.458
29.715 28.502
18.844 24.571
22.038 26.314
16.229 22.583
22.105 22.396
32.566 29.846
32.948 20.588
32.719 21.662
26.236 24.592
18.012 28.763
23.808 25.717
36.039 25.618
18.337 22.933
19.629 29.662
27.399 27.264
25.874 24.5
27.898 26.263
16.718 21.897
21.372 25.312
33.537 29.117
34.949 28.406
20.912 24.681
33.671 21.617
18.667 28.797
22.421 24.756
30.829 25.3
17.815 26.228
29.328 29.207
19.548 30.202
17.636 24.055
15.196 22.416
27.924 24.559
20.231 24.965
29.801 29.021
22.883 26.556
22.87 24.753
19.642 27.527
22.681 23.343
30.959 24.179
21.999 26.464
22.613 23.578
30.3 21.536
28.611 28.571
31.995 30.13
28.486 22.369
34.708 27.457
29.355 25.4
18.689 23.473
20.719 23.328
18.558 22.736
34.618 20.451
34.655 24.567
15.429 33.054
26.816 26.264
21.768 27.751
23.909 25.146
16.739 23.722
31.925 25.988
31.198 21.632
26.779 26.012
17.735 25.359
30.549 26.673
33.387 26.524
18.887 28.105
21.292 25.197
29.374 24.26
33.571 31.807
28.659 27.485
27.305 27.072
29.691 25.545
33.855 26.849
27.78 24.952
35.8 27.252
17.76 21.955
17.638 20.929
34.512 21.922
10.885 24.641
18.964 25.032
26.063 25.287
31.889 19.524
22.561 24.684
28.961 28.444
32.719 29.186
17.356 22.991
31.108 22.424
28.623 22.915
32.425 31.542
26.606 24.184
28.963 25.992
30.773 29.197
14.729 25.087
19.82 23.235
22.009 24.714
22.039 27.852
18.501 22.626
21.726 27.349
15.112 24.413
31.028 21.139
21.915 25.462
20.057 25.598
25.66 24.912
20.87 25
19.017 23.207
33.839 17.848
34.772 30.351
20.16 21.243
38.874 25.428
17.761 24.75
34.13 17.138
22.44 26.708
16.592 24.885
23.02 25.064
21.998 27.046
44.362 26.8
21.502 23.88
32.661 23.792
19.805 23.614
16.953 21.723
20.639 26.927
27.531 26.649
21.534 24.175
21.944 22.891
19.658 23.899
30.192 27.809
34.857 28.393
17.291 24.077
19.757 25.857
31.185 23.884
23.37 23.517
21.179 25.073
20.498 20.909
13.755 24.173
26.082 24.587
18.512 27.2
19.677 22.753
33.416 21.95
20.931 28.428
21.493 24.991
19.268 26.51
21.368 25.096
34.783 23.087
14.127 22.392
21.777 26.806
18.162 29.983
31.549 25.59
27.005 26.176
19.216 22.255
29.287 27.957
29.275 26.016
28.934 26.437
15.504 24.159
18.234 25.46
15.403 29.466
35.124 24.673
32.706 30.357
30.736 26.216
29.656 26.804
16.512 23.704
29.781 21.577
22.805 25.262
30.454 23.882
20.208 23.476
38.445 27.295
27.8 26.012
34.843 29.573
30.51 25.39
15.9 22.621
20.045 24.797
27.815 26.881
17.86 25.568
21.082 26.22
30.719 19.577
25.589 24.476
18.515 27.611
20.597 26.761
19.319 26.298
32.554 21.576
31.112 26.009
19.101 28.598
16.411 27.326
17.72 24.62
23.245 26.711
19.862 24.865
39.944 20.071
32.936 22.612
27.208 26.928
27.19 26.708
20.198 22.253
33.765 25.212
18.923 27.61
39.835 24.954
14.508 29.136
20.971 26.22
14.726 22.299
33.628 31.177
27.553 25.97
29.132 28.257
16.386 20.566
29.726 21.745
15.829 31.036
19.842 24.307
16.204 23.538
19.612 23.545
22.339 24.53
35.085 23.633
37.97 24.117
28.674 22.221
21.645 23.326
31.524 21.162
36.956 25.88
16.238 24.841
18.457 23.991
30.911 21.499
30.682 20.654
29.936 22.418
32.259 24.251
21.012 26.332
40.429 28.643
29.31 23.929
30.169 26.002
25.976 24.951
22.41 26.605
29.256 26.052
28.189 22.873
31.65 20.545
28.955 23.373
26.668 25.662
14.303 25.347
20.378 27.712
30.797 29.901
30.063 21.491
32.696 31.358
30.288 28.623
28.48 25.073
19.563 27.931
32.325 25.263
27.493 22.986
27.704 24.695
30.239 22.383
32.876 20.061
17.786 22.733
12.29 21.921
31.211 24.596
19.065 21.367
42.248 19.324
20.377 25.926
24.475 24.74
33.407 29.349
30.62 29.86
22.733 23.645
28.458 28.131
27.578 25.032
13.216 28.497
15.207 21.47
27.368 25.201
20.262 25.456
